x_:16.0, 26.0, 40.0, 46.0, 44.0, 45.0, 49.0, 50.0, 53.0, 53.0, 56.0, 54.0, 57.0, 59.0, 63.0
y_:324761.88705, 311605.398265, 309665.030432, 310234.067132, 313675.496013, 309436.343213, 303914.417573, 300084.936046, 274140.6361, 217287.571273, 91404.605916, 27255.957221, 27393.41107, 27752.950117, 14627.642255
ex:0, 0, 0, 0, 0, 0, 0, 0, 0, 0, 0, 0, 0, 0, 0
ey:10917.874495, 12260.841033, 10286.819254, 12762.416207, 12823.369699, 11283.39287, 10510.438052, 10866.172887, 10503.88113, 7722.685776, 3284.057125, 1226.023277, 1281.308651, 1019.708522, 552.635895
