x_:15.0, 25.0, 39.0, 41.0, 45.0, 46.0, 48.0, 49.0, 54.0, 53.0, 57.0, 54.0, 57.0, 60.0, 63.0
y_:228099.963163, 227136.641226, 231651.301358, 235690.28072, 233832.978309, 229868.805668, 208936.824357, 183473.15137, 132243.030543, 121204.836469, 40230.21131, 23463.665956, 27536.63494, 28064.915391, 27562.349646
ex:1.5, 1.5, 1.5,1.5, 1.5, 1.5,1.5, 1.5, 1.5,1.5, 1.5, 1.5,1.5, 1.5, 1.5
ey:10917.874495, 12260.841033, 10286.819254, 12762.416207, 12823.369699, 11283.39287, 10510.438052, 10866.172887, 10503.88113, 7722.685776, 3284.057125, 1226.023277, 1281.308651, 1019.708522, 552.635895
